$d_I =$ 0.25, $K_{IE} =$ 10000.0: 279, [(-1.0, 0.0, -1.0, -1.0, 0.0, 1.0, 0.0, 0.0, 1.0), (-1.0, 0.0, -1.0, -1.0, 0.0, 1.0, 0.0, 1.0, 1.0), (-1.0, 0.0, -1.0, -1.0, 0.0, 1.0, 1.0, 1.0, 1.0), (-1.0, 0.0, -1.0, 0.0, 0.0, 1.0, 0.0, 0.0, 0.0), (-1.0, 0.0, -1.0, 0.0, 0.0, 1.0, 0.0, 1.0, 0.0), (-1.0, 0.0, -1.0, 0.0, 0.0, 1.0, 0.0, 1.0, 1.0), (-1.0, 0.0, -1.0, 0.0, 0.0, 1.0, 1.0, 0.0, 0.0), (-1.0, 0.0, -1.0, 0.0, 0.0, 1.0, 1.0, 0.0, 1.0), (-1.0, 0.0, -1.0, 0.0, 0.0, 1.0, 1.0, 1.0, 1.0), (-1.0, 0.0, -1.0, 0.0, 1.0, 1.0, 1.0, 1.0, 0.0), (-1.0, 0.0, -1.0, 1.0, -1.0, 1.0, 1.0, 0.0, 1.0), (-1.0, 0.0, -1.0, 1.0, -1.0, 1.0, 1.0, 1.0, 1.0), (-1.0, 0.0, -1.0, 1.0, 0.0, 0.0, 0.0, 0.0, 1.0), (-1.0, 0.0, -1.0, 1.0, 0.0, 0.0, 0.0, 1.0, 1.0), (-1.0, 0.0, -1.0, 1.0, 0.0, 0.0, 1.0, 0.0, 1.0), (-1.0, 0.0, -1.0, 1.0, 0.0, 0.0, 1.0, 1.0, 1.0), (-1.0, 0.0, -1.0, 1.0, 0.0, 1.0, 0.0, 0.0, 0.0), (-1.0, 0.0, -1.0, 1.0, 0.0, 1.0, 0.0, 0.0, 1.0), (-1.0, 0.0, -1.0, 1.0, 0.0, 1.0, 0.0, 1.0, 1.0), (-1.0, 0.0, -1.0, 1.0, 0.0, 1.0, 1.0, 0.0, 0.0), (-1.0, 0.0, -1.0, 1.0, 0.0, 1.0, 1.0, 0.0, 1.0), (-1.0, 0.0, -1.0, 1.0, 0.0, 1.0, 1.0, 1.0, 1.0), (-1.0, 0.0, -1.0, 1.0, 1.0, -1.0, 1.0, 1.0, 1.0), (-1.0, 0.0, -1.0, 1.0, 1.0, 0.0, 0.0, 0.0, 1.0), (-1.0, 0.0, -1.0, 1.0, 1.0, 0.0, 0.0, 1.0, 1.0), (-1.0, 0.0, -1.0, 1.0, 1.0, 0.0, 1.0, 0.0, 1.0), (-1.0, 0.0, -1.0, 1.0, 1.0, 0.0, 1.0, 1.0, 1.0), (-1.0, 0.0, -1.0, 1.0, 1.0, 1.0, 0.0, 0.0, 1.0), (-1.0, 0.0, -1.0, 1.0, 1.0, 1.0, 0.0, 1.0, 1.0), (-1.0, 0.0, -1.0, 1.0, 1.0, 1.0, 1.0, 1.0, 1.0), (-1.0, 0.0, 0.0, -1.0, 0.0, 1.0, 0.0, 0.0, 0.0), (-1.0, 0.0, 0.0, -1.0, 0.0, 1.0, 0.0, 0.0, 1.0), (-1.0, 0.0, 0.0, -1.0, 0.0, 1.0, 0.0, 1.0, 0.0), (-1.0, 0.0, 0.0, -1.0, 0.0, 1.0, 0.0, 1.0, 1.0), (-1.0, 0.0, 0.0, -1.0, 0.0, 1.0, 1.0, 0.0, 0.0), (-1.0, 0.0, 0.0, -1.0, 0.0, 1.0, 1.0, 0.0, 1.0), (-1.0, 0.0, 0.0, -1.0, 0.0, 1.0, 1.0, 1.0, 0.0), (-1.0, 0.0, 0.0, -1.0, 1.0, 1.0, 1.0, 0.0, 1.0), (-1.0, 0.0, 0.0, 0.0, -1.0, 1.0, 1.0, 0.0, 0.0), (-1.0, 0.0, 0.0, 0.0, -1.0, 1.0, 1.0, 0.0, 1.0), (-1.0, 0.0, 0.0, 0.0, -1.0, 1.0, 1.0, 1.0, 0.0), (-1.0, 0.0, 0.0, 0.0, -1.0, 1.0, 1.0, 1.0, 1.0), (-1.0, 0.0, 0.0, 0.0, 0.0, 0.0, 0.0, 0.0, 0.0), (-1.0, 0.0, 0.0, 0.0, 0.0, 0.0, 0.0, 0.0, 1.0), (-1.0, 0.0, 0.0, 0.0, 0.0, 0.0, 0.0, 1.0, 0.0), (-1.0, 0.0, 0.0, 0.0, 0.0, 0.0, 0.0, 1.0, 1.0), (-1.0, 0.0, 0.0, 0.0, 0.0, 0.0, 1.0, 1.0, 0.0), (-1.0, 0.0, 0.0, 0.0, 0.0, 0.0, 1.0, 1.0, 1.0), (-1.0, 0.0, 0.0, 0.0, 0.0, 1.0, 0.0, 0.0, 0.0), (-1.0, 0.0, 0.0, 0.0, 0.0, 1.0, 0.0, 0.0, 1.0), (-1.0, 0.0, 0.0, 0.0, 0.0, 1.0, 0.0, 1.0, 0.0), (-1.0, 0.0, 0.0, 0.0, 0.0, 1.0, 0.0, 1.0, 1.0), (-1.0, 0.0, 0.0, 0.0, 0.0, 1.0, 1.0, 0.0, 1.0), (-1.0, 0.0, 0.0, 0.0, 0.0, 1.0, 1.0, 1.0, 0.0), (-1.0, 0.0, 0.0, 0.0, 0.0, 1.0, 1.0, 1.0, 1.0), (-1.0, 0.0, 0.0, 0.0, 1.0, -1.0, 1.0, 0.0, 0.0), (-1.0, 0.0, 0.0, 0.0, 1.0, -1.0, 1.0, 0.0, 1.0), (-1.0, 0.0, 0.0, 0.0, 1.0, -1.0, 1.0, 1.0, 0.0), (-1.0, 0.0, 0.0, 0.0, 1.0, -1.0, 1.0, 1.0, 1.0), (-1.0, 0.0, 0.0, 0.0, 1.0, 0.0, 0.0, 0.0, 0.0), (-1.0, 0.0, 0.0, 0.0, 1.0, 0.0, 0.0, 0.0, 1.0), (-1.0, 0.0, 0.0, 0.0, 1.0, 0.0, 1.0, 0.0, 0.0), (-1.0, 0.0, 0.0, 0.0, 1.0, 0.0, 1.0, 0.0, 1.0), (-1.0, 0.0, 0.0, 0.0, 1.0, 0.0, 1.0, 1.0, 0.0), (-1.0, 0.0, 0.0, 0.0, 1.0, 0.0, 1.0, 1.0, 1.0), (-1.0, 0.0, 0.0, 0.0, 1.0, 1.0, 0.0, 0.0, 0.0), (-1.0, 0.0, 0.0, 0.0, 1.0, 1.0, 0.0, 0.0, 1.0), (-1.0, 0.0, 0.0, 0.0, 1.0, 1.0, 0.0, 1.0, 0.0), (-1.0, 0.0, 0.0, 0.0, 1.0, 1.0, 0.0, 1.0, 1.0), (-1.0, 0.0, 0.0, 0.0, 1.0, 1.0, 1.0, 0.0, 0.0), (-1.0, 0.0, 0.0, 0.0, 1.0, 1.0, 1.0, 1.0, 1.0), (-1.0, 0.0, 0.0, 1.0, -1.0, 1.0, 1.0, 0.0, 0.0), (-1.0, 0.0, 0.0, 1.0, -1.0, 1.0, 1.0, 1.0, 1.0), (-1.0, 0.0, 0.0, 1.0, 0.0, 1.0, 0.0, 0.0, 0.0), (-1.0, 0.0, 0.0, 1.0, 0.0, 1.0, 0.0, 0.0, 1.0), (-1.0, 0.0, 0.0, 1.0, 0.0, 1.0, 0.0, 1.0, 0.0), (-1.0, 0.0, 0.0, 1.0, 0.0, 1.0, 0.0, 1.0, 1.0), (-1.0, 0.0, 0.0, 1.0, 0.0, 1.0, 1.0, 0.0, 0.0), (-1.0, 0.0, 0.0, 1.0, 0.0, 1.0, 1.0, 0.0, 1.0), (-1.0, 0.0, 0.0, 1.0, 0.0, 1.0, 1.0, 1.0, 0.0), (-1.0, 0.0, 0.0, 1.0, 0.0, 1.0, 1.0, 1.0, 1.0), (-1.0, 0.0, 1.0, -1.0, -1.0, 1.0, 1.0, 0.0, 1.0), (-1.0, 0.0, 1.0, -1.0, -1.0, 1.0, 1.0, 1.0, 1.0), (-1.0, 0.0, 1.0, -1.0, 0.0, 0.0, 0.0, 0.0, 1.0), (-1.0, 0.0, 1.0, -1.0, 0.0, 0.0, 0.0, 1.0, 1.0), (-1.0, 0.0, 1.0, -1.0, 0.0, 0.0, 1.0, 1.0, 1.0), (-1.0, 0.0, 1.0, -1.0, 0.0, 1.0, 0.0, 0.0, 0.0), (-1.0, 0.0, 1.0, -1.0, 0.0, 1.0, 0.0, 0.0, 1.0), (-1.0, 0.0, 1.0, -1.0, 0.0, 1.0, 0.0, 1.0, 0.0), (-1.0, 0.0, 1.0, -1.0, 0.0, 1.0, 0.0, 1.0, 1.0), (-1.0, 0.0, 1.0, -1.0, 0.0, 1.0, 1.0, 0.0, 0.0), (-1.0, 0.0, 1.0, -1.0, 0.0, 1.0, 1.0, 0.0, 1.0), (-1.0, 0.0, 1.0, -1.0, 0.0, 1.0, 1.0, 1.0, 1.0), (-1.0, 0.0, 1.0, -1.0, 1.0, -1.0, 1.0, 1.0, 1.0), (-1.0, 0.0, 1.0, -1.0, 1.0, 0.0, 0.0, 0.0, 1.0), (-1.0, 0.0, 1.0, -1.0, 1.0, 0.0, 0.0, 1.0, 1.0), (-1.0, 0.0, 1.0, -1.0, 1.0, 0.0, 1.0, 0.0, 1.0), (-1.0, 0.0, 1.0, -1.0, 1.0, 0.0, 1.0, 1.0, 1.0), (-1.0, 0.0, 1.0, -1.0, 1.0, 1.0, 0.0, 0.0, 1.0), (-1.0, 0.0, 1.0, -1.0, 1.0, 1.0, 0.0, 1.0, 1.0), (-1.0, 0.0, 1.0, -1.0, 1.0, 1.0, 1.0, 0.0, 1.0), (-1.0, 0.0, 1.0, -1.0, 1.0, 1.0, 1.0, 1.0, 1.0), (-1.0, 0.0, 1.0, 0.0, -1.0, 1.0, 1.0, 0.0, 0.0), (-1.0, 0.0, 1.0, 0.0, -1.0, 1.0, 1.0, 0.0, 1.0), (-1.0, 0.0, 1.0, 0.0, -1.0, 1.0, 1.0, 1.0, 0.0), (-1.0, 0.0, 1.0, 0.0, -1.0, 1.0, 1.0, 1.0, 1.0), (-1.0, 0.0, 1.0, 0.0, 0.0, 0.0, 0.0, 1.0, 1.0), (-1.0, 0.0, 1.0, 0.0, 0.0, 0.0, 1.0, 1.0, 1.0), (-1.0, 0.0, 1.0, 0.0, 0.0, 1.0, 0.0, 0.0, 0.0), (-1.0, 0.0, 1.0, 0.0, 0.0, 1.0, 0.0, 0.0, 1.0), (-1.0, 0.0, 1.0, 0.0, 0.0, 1.0, 0.0, 1.0, 0.0), (-1.0, 0.0, 1.0, 0.0, 0.0, 1.0, 0.0, 1.0, 1.0), (-1.0, 0.0, 1.0, 0.0, 0.0, 1.0, 1.0, 0.0, 0.0), (-1.0, 0.0, 1.0, 0.0, 0.0, 1.0, 1.0, 0.0, 1.0), (-1.0, 0.0, 1.0, 0.0, 0.0, 1.0, 1.0, 1.0, 0.0), (-1.0, 0.0, 1.0, 0.0, 0.0, 1.0, 1.0, 1.0, 1.0), (-1.0, 0.0, 1.0, 0.0, 1.0, 0.0, 1.0, 1.0, 0.0), (-1.0, 0.0, 1.0, 0.0, 1.0, 1.0, 0.0, 0.0, 1.0), (-1.0, 0.0, 1.0, 0.0, 1.0, 1.0, 1.0, 0.0, 0.0), (-1.0, 0.0, 1.0, 0.0, 1.0, 1.0, 1.0, 0.0, 1.0), (-1.0, 0.0, 1.0, 0.0, 1.0, 1.0, 1.0, 1.0, 0.0), (-1.0, 0.0, 1.0, 1.0, -1.0, 1.0, 1.0, 0.0, 0.0), (-1.0, 0.0, 1.0, 1.0, -1.0, 1.0, 1.0, 0.0, 1.0), (-1.0, 0.0, 1.0, 1.0, -1.0, 1.0, 1.0, 1.0, 0.0), (-1.0, 0.0, 1.0, 1.0, -1.0, 1.0, 1.0, 1.0, 1.0), (-1.0, 0.0, 1.0, 1.0, 0.0, 0.0, 0.0, 0.0, 0.0), (-1.0, 0.0, 1.0, 1.0, 0.0, 0.0, 0.0, 1.0, 0.0), (-1.0, 0.0, 1.0, 1.0, 0.0, 0.0, 1.0, 0.0, 0.0), (-1.0, 0.0, 1.0, 1.0, 0.0, 0.0, 1.0, 1.0, 0.0), (-1.0, 0.0, 1.0, 1.0, 0.0, 1.0, 0.0, 0.0, 0.0), (-1.0, 0.0, 1.0, 1.0, 0.0, 1.0, 0.0, 0.0, 1.0), (-1.0, 0.0, 1.0, 1.0, 0.0, 1.0, 0.0, 1.0, 0.0), (-1.0, 0.0, 1.0, 1.0, 0.0, 1.0, 0.0, 1.0, 1.0), (-1.0, 0.0, 1.0, 1.0, 0.0, 1.0, 1.0, 0.0, 0.0), (-1.0, 0.0, 1.0, 1.0, 0.0, 1.0, 1.0, 0.0, 1.0), (-1.0, 0.0, 1.0, 1.0, 0.0, 1.0, 1.0, 1.0, 1.0), (-1.0, 0.0, 1.0, 1.0, 1.0, -1.0, 1.0, 1.0, 0.0), (-1.0, 0.0, 1.0, 1.0, 1.0, 0.0, 0.0, 0.0, 0.0), (-1.0, 0.0, 1.0, 1.0, 1.0, 0.0, 0.0, 0.0, 1.0), (-1.0, 0.0, 1.0, 1.0, 1.0, 0.0, 0.0, 1.0, 0.0), (-1.0, 0.0, 1.0, 1.0, 1.0, 0.0, 1.0, 0.0, 0.0), (-1.0, 0.0, 1.0, 1.0, 1.0, 0.0, 1.0, 0.0, 1.0), (-1.0, 0.0, 1.0, 1.0, 1.0, 0.0, 1.0, 1.0, 0.0), (-1.0, 0.0, 1.0, 1.0, 1.0, 1.0, 0.0, 0.0, 0.0), (-1.0, 0.0, 1.0, 1.0, 1.0, 1.0, 0.0, 1.0, 0.0), (-1.0, 0.0, 1.0, 1.0, 1.0, 1.0, 1.0, 0.0, 0.0), (-1.0, 0.0, 1.0, 1.0, 1.0, 1.0, 1.0, 0.0, 1.0), (-1.0, 0.0, 1.0, 1.0, 1.0, 1.0, 1.0, 1.0, 0.0), (-1.0, 0.0, 1.0, 1.0, 1.0, 1.0, 1.0, 1.0, 1.0), (-1.0, 1.0, -1.0, 1.0, -1.0, 1.0, 1.0, 0.0, 1.0), (-1.0, 1.0, -1.0, 1.0, -1.0, 1.0, 1.0, 1.0, 1.0), (-1.0, 1.0, -1.0, 1.0, 0.0, 0.0, 1.0, 0.0, 1.0), (-1.0, 1.0, -1.0, 1.0, 0.0, 0.0, 1.0, 1.0, 1.0), (-1.0, 1.0, -1.0, 1.0, 0.0, 1.0, 1.0, 0.0, 1.0), (-1.0, 1.0, -1.0, 1.0, 0.0, 1.0, 1.0, 1.0, 1.0), (-1.0, 1.0, -1.0, 1.0, 1.0, -1.0, 1.0, 0.0, 1.0), (-1.0, 1.0, -1.0, 1.0, 1.0, -1.0, 1.0, 1.0, 1.0), (-1.0, 1.0, -1.0, 1.0, 1.0, 0.0, 1.0, 0.0, 1.0), (-1.0, 1.0, -1.0, 1.0, 1.0, 1.0, 1.0, 0.0, 1.0), (-1.0, 1.0, -1.0, 1.0, 1.0, 1.0, 1.0, 1.0, 1.0), (-1.0, 1.0, 0.0, -1.0, 0.0, 1.0, 1.0, 0.0, 0.0), (-1.0, 1.0, 0.0, -1.0, 0.0, 1.0, 1.0, 0.0, 1.0), (-1.0, 1.0, 0.0, -1.0, 0.0, 1.0, 1.0, 1.0, 0.0), (-1.0, 1.0, 0.0, -1.0, 0.0, 1.0, 1.0, 1.0, 1.0), (-1.0, 1.0, 0.0, 0.0, -1.0, 1.0, 1.0, 0.0, 0.0), (-1.0, 1.0, 0.0, 0.0, -1.0, 1.0, 1.0, 0.0, 1.0), (-1.0, 1.0, 0.0, 0.0, -1.0, 1.0, 1.0, 1.0, 0.0), (-1.0, 1.0, 0.0, 0.0, -1.0, 1.0, 1.0, 1.0, 1.0), (-1.0, 1.0, 0.0, 0.0, 0.0, 0.0, 1.0, 0.0, 0.0), (-1.0, 1.0, 0.0, 0.0, 0.0, 0.0, 1.0, 0.0, 1.0), (-1.0, 1.0, 0.0, 0.0, 0.0, 0.0, 1.0, 1.0, 0.0), (-1.0, 1.0, 0.0, 0.0, 0.0, 0.0, 1.0, 1.0, 1.0), (-1.0, 1.0, 0.0, 0.0, 0.0, 1.0, 0.0, 0.0, 0.0), (-1.0, 1.0, 0.0, 0.0, 0.0, 1.0, 1.0, 0.0, 0.0), (-1.0, 1.0, 0.0, 0.0, 0.0, 1.0, 1.0, 0.0, 1.0), (-1.0, 1.0, 0.0, 0.0, 0.0, 1.0, 1.0, 1.0, 0.0), (-1.0, 1.0, 0.0, 0.0, 0.0, 1.0, 1.0, 1.0, 1.0), (-1.0, 1.0, 0.0, 0.0, 1.0, -1.0, 1.0, 0.0, 0.0), (-1.0, 1.0, 0.0, 0.0, 1.0, -1.0, 1.0, 1.0, 0.0), (-1.0, 1.0, 0.0, 0.0, 1.0, -1.0, 1.0, 1.0, 1.0), (-1.0, 1.0, 0.0, 0.0, 1.0, 0.0, 1.0, 0.0, 0.0), (-1.0, 1.0, 0.0, 0.0, 1.0, 0.0, 1.0, 0.0, 1.0), (-1.0, 1.0, 0.0, 0.0, 1.0, 0.0, 1.0, 1.0, 0.0), (-1.0, 1.0, 0.0, 0.0, 1.0, 0.0, 1.0, 1.0, 1.0), (-1.0, 1.0, 0.0, 0.0, 1.0, 1.0, 1.0, 0.0, 0.0), (-1.0, 1.0, 0.0, 0.0, 1.0, 1.0, 1.0, 0.0, 1.0), (-1.0, 1.0, 0.0, 0.0, 1.0, 1.0, 1.0, 1.0, 0.0), (-1.0, 1.0, 0.0, 0.0, 1.0, 1.0, 1.0, 1.0, 1.0), (-1.0, 1.0, 0.0, 1.0, 0.0, 1.0, 1.0, 0.0, 0.0), (-1.0, 1.0, 0.0, 1.0, 0.0, 1.0, 1.0, 1.0, 0.0), (-1.0, 1.0, 1.0, -1.0, -1.0, 1.0, 1.0, 0.0, 1.0), (-1.0, 1.0, 1.0, -1.0, -1.0, 1.0, 1.0, 1.0, 1.0), (-1.0, 1.0, 1.0, -1.0, 0.0, 0.0, 1.0, 0.0, 1.0), (-1.0, 1.0, 1.0, -1.0, 0.0, 0.0, 1.0, 1.0, 1.0), (-1.0, 1.0, 1.0, -1.0, 0.0, 1.0, 0.0, 1.0, 1.0), (-1.0, 1.0, 1.0, -1.0, 0.0, 1.0, 1.0, 0.0, 1.0), (-1.0, 1.0, 1.0, -1.0, 0.0, 1.0, 1.0, 1.0, 1.0), (-1.0, 1.0, 1.0, -1.0, 1.0, -1.0, 1.0, 0.0, 1.0), (-1.0, 1.0, 1.0, -1.0, 1.0, -1.0, 1.0, 1.0, 1.0), (-1.0, 1.0, 1.0, -1.0, 1.0, 0.0, 1.0, 0.0, 1.0), (-1.0, 1.0, 1.0, -1.0, 1.0, 0.0, 1.0, 1.0, 1.0), (-1.0, 1.0, 1.0, -1.0, 1.0, 1.0, 1.0, 0.0, 1.0), (-1.0, 1.0, 1.0, -1.0, 1.0, 1.0, 1.0, 1.0, 1.0), (-1.0, 1.0, 1.0, 0.0, -1.0, 1.0, 1.0, 0.0, 1.0), (-1.0, 1.0, 1.0, 0.0, -1.0, 1.0, 1.0, 1.0, 1.0), (-1.0, 1.0, 1.0, 0.0, 0.0, 1.0, 1.0, 0.0, 0.0), (-1.0, 1.0, 1.0, 0.0, 0.0, 1.0, 1.0, 0.0, 1.0), (-1.0, 1.0, 1.0, 0.0, 0.0, 1.0, 1.0, 1.0, 0.0), (-1.0, 1.0, 1.0, 0.0, 0.0, 1.0, 1.0, 1.0, 1.0), (-1.0, 1.0, 1.0, 1.0, -1.0, 1.0, 1.0, 0.0, 0.0), (-1.0, 1.0, 1.0, 1.0, -1.0, 1.0, 1.0, 0.0, 1.0), (-1.0, 1.0, 1.0, 1.0, -1.0, 1.0, 1.0, 1.0, 0.0), (-1.0, 1.0, 1.0, 1.0, 0.0, 1.0, 1.0, 0.0, 0.0), (-1.0, 1.0, 1.0, 1.0, 0.0, 1.0, 1.0, 1.0, 0.0), (-1.0, 1.0, 1.0, 1.0, 0.0, 1.0, 1.0, 1.0, 1.0), (-1.0, 1.0, 1.0, 1.0, 1.0, 1.0, 1.0, 0.0, 0.0), (-1.0, 1.0, 1.0, 1.0, 1.0, 1.0, 1.0, 1.0, 0.0), (0.0, 1.0, -1.0, -1.0, 0.0, 1.0, 1.0, 1.0, 1.0), (0.0, 1.0, -1.0, 1.0, -1.0, 1.0, 1.0, 0.0, 1.0), (0.0, 1.0, -1.0, 1.0, -1.0, 1.0, 1.0, 1.0, 1.0), (0.0, 1.0, -1.0, 1.0, 0.0, 1.0, 0.0, 0.0, 1.0), (0.0, 1.0, -1.0, 1.0, 0.0, 1.0, 0.0, 1.0, 1.0), (0.0, 1.0, -1.0, 1.0, 0.0, 1.0, 1.0, 0.0, 1.0), (0.0, 1.0, -1.0, 1.0, 0.0, 1.0, 1.0, 1.0, 1.0), (0.0, 1.0, -1.0, 1.0, 1.0, 0.0, 0.0, 0.0, 1.0), (0.0, 1.0, -1.0, 1.0, 1.0, 0.0, 0.0, 1.0, 1.0), (0.0, 1.0, -1.0, 1.0, 1.0, 0.0, 1.0, 0.0, 1.0), (0.0, 1.0, -1.0, 1.0, 1.0, 0.0, 1.0, 1.0, 1.0), (0.0, 1.0, -1.0, 1.0, 1.0, 1.0, 1.0, 0.0, 1.0), (0.0, 1.0, -1.0, 1.0, 1.0, 1.0, 1.0, 1.0, 1.0), (0.0, 1.0, 0.0, 0.0, -1.0, 1.0, 1.0, 0.0, 0.0), (0.0, 1.0, 0.0, 0.0, -1.0, 1.0, 1.0, 0.0, 1.0), (0.0, 1.0, 0.0, 0.0, -1.0, 1.0, 1.0, 1.0, 0.0), (0.0, 1.0, 0.0, 0.0, -1.0, 1.0, 1.0, 1.0, 1.0), (0.0, 1.0, 0.0, 0.0, 0.0, 0.0, 0.0, 0.0, 0.0), (0.0, 1.0, 0.0, 0.0, 0.0, 0.0, 0.0, 1.0, 0.0), (0.0, 1.0, 0.0, 0.0, 0.0, 0.0, 1.0, 1.0, 0.0), (0.0, 1.0, 0.0, 0.0, 0.0, 0.0, 1.0, 1.0, 1.0), (0.0, 1.0, 0.0, 0.0, 0.0, 1.0, 0.0, 0.0, 0.0), (0.0, 1.0, 0.0, 0.0, 0.0, 1.0, 0.0, 0.0, 1.0), (0.0, 1.0, 0.0, 0.0, 0.0, 1.0, 0.0, 1.0, 0.0), (0.0, 1.0, 0.0, 0.0, 0.0, 1.0, 0.0, 1.0, 1.0), (0.0, 1.0, 0.0, 0.0, 0.0, 1.0, 1.0, 0.0, 0.0), (0.0, 1.0, 0.0, 0.0, 0.0, 1.0, 1.0, 0.0, 1.0), (0.0, 1.0, 0.0, 0.0, 0.0, 1.0, 1.0, 1.0, 0.0), (0.0, 1.0, 0.0, 0.0, 0.0, 1.0, 1.0, 1.0, 1.0), (0.0, 1.0, 0.0, 0.0, 1.0, 0.0, 0.0, 0.0, 0.0), (0.0, 1.0, 0.0, 0.0, 1.0, 0.0, 0.0, 1.0, 0.0), (0.0, 1.0, 0.0, 0.0, 1.0, 0.0, 0.0, 1.0, 1.0), (0.0, 1.0, 0.0, 0.0, 1.0, 0.0, 1.0, 0.0, 0.0), (0.0, 1.0, 0.0, 0.0, 1.0, 0.0, 1.0, 0.0, 1.0), (0.0, 1.0, 0.0, 0.0, 1.0, 1.0, 0.0, 0.0, 1.0), (0.0, 1.0, 0.0, 0.0, 1.0, 1.0, 0.0, 1.0, 1.0), (0.0, 1.0, 0.0, 0.0, 1.0, 1.0, 1.0, 0.0, 0.0), (0.0, 1.0, 0.0, 0.0, 1.0, 1.0, 1.0, 0.0, 1.0), (0.0, 1.0, 0.0, 0.0, 1.0, 1.0, 1.0, 1.0, 0.0), (0.0, 1.0, 0.0, 0.0, 1.0, 1.0, 1.0, 1.0, 1.0), (0.0, 1.0, 0.0, 1.0, 0.0, 1.0, 1.0, 0.0, 1.0), (0.0, 1.0, 1.0, -1.0, -1.0, 1.0, 1.0, 0.0, 1.0), (0.0, 1.0, 1.0, -1.0, -1.0, 1.0, 1.0, 1.0, 1.0), (0.0, 1.0, 1.0, -1.0, 0.0, 0.0, 0.0, 0.0, 1.0), (0.0, 1.0, 1.0, -1.0, 0.0, 0.0, 0.0, 1.0, 1.0), (0.0, 1.0, 1.0, -1.0, 0.0, 0.0, 1.0, 1.0, 1.0), (0.0, 1.0, 1.0, -1.0, 0.0, 1.0, 0.0, 0.0, 1.0), (0.0, 1.0, 1.0, -1.0, 0.0, 1.0, 0.0, 1.0, 1.0), (0.0, 1.0, 1.0, -1.0, 0.0, 1.0, 1.0, 0.0, 1.0), (0.0, 1.0, 1.0, -1.0, 0.0, 1.0, 1.0, 1.0, 1.0), (0.0, 1.0, 1.0, -1.0, 1.0, -1.0, 1.0, 0.0, 1.0), (0.0, 1.0, 1.0, -1.0, 1.0, 0.0, 0.0, 0.0, 1.0), (0.0, 1.0, 1.0, -1.0, 1.0, 0.0, 0.0, 1.0, 1.0), (0.0, 1.0, 1.0, -1.0, 1.0, 0.0, 1.0, 1.0, 1.0), (0.0, 1.0, 1.0, -1.0, 1.0, 1.0, 1.0, 0.0, 1.0), (0.0, 1.0, 1.0, 0.0, 0.0, 1.0, 0.0, 0.0, 0.0), (0.0, 1.0, 1.0, 1.0, -1.0, 1.0, 1.0, 0.0, 0.0), (0.0, 1.0, 1.0, 1.0, 0.0, 0.0, 1.0, 0.0, 0.0), (0.0, 1.0, 1.0, 1.0, 0.0, 1.0, 0.0, 0.0, 0.0), (0.0, 1.0, 1.0, 1.0, 0.0, 1.0, 0.0, 1.0, 0.0), (0.0, 1.0, 1.0, 1.0, 0.0, 1.0, 1.0, 0.0, 0.0), (0.0, 1.0, 1.0, 1.0, 0.0, 1.0, 1.0, 1.0, 0.0)]
$d_I =$ 0.25, $K_{IE} =$ 100000.0: 70, [(-1.0, -1.0, -1.0, 1.0, -1.0, 1.0, 0.0, 0.0, 0.0), (-1.0, -1.0, 0.0, -1.0, -1.0, 1.0, 0.0, 0.0, 1.0), (-1.0, -1.0, 0.0, 0.0, 1.0, 1.0, 0.0, 1.0, 0.0), (-1.0, -1.0, 0.0, 0.0, 1.0, 1.0, 0.0, 1.0, 1.0), (-1.0, -1.0, 0.0, 1.0, 1.0, 1.0, 0.0, 0.0, 1.0), (-1.0, -1.0, 0.0, 1.0, 1.0, 1.0, 0.0, 1.0, 0.0), (-1.0, -1.0, 1.0, -1.0, 1.0, 1.0, 0.0, 1.0, 0.0), (-1.0, -1.0, 1.0, 0.0, 1.0, 1.0, 0.0, 0.0, 0.0), (-1.0, -1.0, 1.0, 0.0, 1.0, 1.0, 0.0, 1.0, 0.0), (-1.0, 0.0, -1.0, -1.0, 1.0, -1.0, 0.0, 0.0, 0.0), (-1.0, 0.0, -1.0, -1.0, 1.0, -1.0, 0.0, 0.0, 1.0), (-1.0, 0.0, -1.0, -1.0, 1.0, -1.0, 0.0, 1.0, 0.0), (-1.0, 0.0, -1.0, -1.0, 1.0, -1.0, 0.0, 1.0, 1.0), (-1.0, 0.0, -1.0, 0.0, 1.0, -1.0, 0.0, 0.0, 0.0), (-1.0, 0.0, -1.0, 0.0, 1.0, -1.0, 0.0, 0.0, 1.0), (-1.0, 0.0, -1.0, 0.0, 1.0, -1.0, 0.0, 1.0, 0.0), (-1.0, 0.0, -1.0, 0.0, 1.0, -1.0, 0.0, 1.0, 1.0), (-1.0, 0.0, -1.0, 1.0, 1.0, -1.0, 0.0, 0.0, 0.0), (-1.0, 0.0, -1.0, 1.0, 1.0, -1.0, 0.0, 1.0, 0.0), (-1.0, 1.0, -1.0, -1.0, 1.0, -1.0, 0.0, 0.0, 0.0), (-1.0, 1.0, -1.0, -1.0, 1.0, -1.0, 0.0, 0.0, 1.0), (-1.0, 1.0, -1.0, -1.0, 1.0, -1.0, 0.0, 1.0, 0.0), (-1.0, 1.0, -1.0, -1.0, 1.0, -1.0, 0.0, 1.0, 1.0), (-1.0, 1.0, -1.0, 0.0, 1.0, -1.0, 0.0, 0.0, 0.0), (-1.0, 1.0, -1.0, 0.0, 1.0, -1.0, 0.0, 0.0, 1.0), (-1.0, 1.0, -1.0, 0.0, 1.0, -1.0, 0.0, 1.0, 0.0), (-1.0, 1.0, -1.0, 0.0, 1.0, -1.0, 0.0, 1.0, 1.0), (-1.0, 1.0, -1.0, 1.0, 1.0, -1.0, 0.0, 0.0, 0.0), (-1.0, 1.0, -1.0, 1.0, 1.0, -1.0, 0.0, 1.0, 0.0), (-1.0, 1.0, 0.0, -1.0, 1.0, -1.0, 0.0, 0.0, 0.0), (-1.0, 1.0, 0.0, -1.0, 1.0, -1.0, 0.0, 0.0, 1.0), (-1.0, 1.0, 0.0, -1.0, 1.0, -1.0, 0.0, 1.0, 0.0), (-1.0, 1.0, 0.0, -1.0, 1.0, -1.0, 0.0, 1.0, 1.0), (-1.0, 1.0, 0.0, 1.0, -1.0, -1.0, 0.0, 0.0, 1.0), (-1.0, 1.0, 0.0, 1.0, -1.0, -1.0, 0.0, 1.0, 1.0), (-1.0, 1.0, 1.0, -1.0, 1.0, -1.0, 0.0, 0.0, 0.0), (-1.0, 1.0, 1.0, -1.0, 1.0, -1.0, 0.0, 1.0, 0.0), (-1.0, 1.0, 1.0, 0.0, -1.0, -1.0, 0.0, 0.0, 1.0), (-1.0, 1.0, 1.0, 0.0, -1.0, -1.0, 0.0, 1.0, 0.0), (-1.0, 1.0, 1.0, 0.0, -1.0, -1.0, 0.0, 1.0, 1.0), (-1.0, 1.0, 1.0, 1.0, -1.0, -1.0, 0.0, 0.0, 1.0), (-1.0, 1.0, 1.0, 1.0, -1.0, -1.0, 0.0, 1.0, 1.0), (0.0, -1.0, 0.0, 1.0, -1.0, -1.0, 0.0, 1.0, 0.0), (0.0, -1.0, 1.0, 0.0, -1.0, -1.0, 0.0, 0.0, 0.0), (0.0, -1.0, 1.0, 0.0, -1.0, -1.0, 0.0, 1.0, 1.0), (1.0, -1.0, -1.0, -1.0, -1.0, 1.0, 0.0, 0.0, 0.0), (1.0, -1.0, -1.0, -1.0, -1.0, 1.0, 0.0, 0.0, 1.0), (1.0, -1.0, -1.0, -1.0, -1.0, 1.0, 0.0, 1.0, 0.0), (1.0, -1.0, -1.0, -1.0, -1.0, 1.0, 0.0, 1.0, 1.0), (1.0, -1.0, -1.0, 1.0, -1.0, 1.0, 0.0, 0.0, 0.0), (1.0, -1.0, -1.0, 1.0, -1.0, 1.0, 0.0, 0.0, 1.0), (1.0, -1.0, -1.0, 1.0, -1.0, 1.0, 0.0, 1.0, 0.0), (1.0, -1.0, 0.0, -1.0, -1.0, 1.0, 0.0, 0.0, 0.0), (1.0, -1.0, 0.0, -1.0, -1.0, 1.0, 0.0, 0.0, 1.0), (1.0, -1.0, 0.0, -1.0, -1.0, 1.0, 0.0, 1.0, 0.0), (1.0, -1.0, 0.0, 0.0, -1.0, 1.0, 0.0, 0.0, 0.0), (1.0, -1.0, 0.0, 0.0, -1.0, 1.0, 0.0, 0.0, 1.0), (1.0, -1.0, 0.0, 1.0, -1.0, 1.0, 0.0, 0.0, 0.0), (1.0, -1.0, 0.0, 1.0, -1.0, 1.0, 0.0, 0.0, 1.0), (1.0, -1.0, 0.0, 1.0, -1.0, 1.0, 0.0, 1.0, 0.0), (1.0, -1.0, 0.0, 1.0, -1.0, 1.0, 0.0, 1.0, 1.0), (1.0, -1.0, 1.0, -1.0, -1.0, 1.0, 0.0, 1.0, 0.0), (1.0, -1.0, 1.0, -1.0, -1.0, 1.0, 0.0, 1.0, 1.0), (1.0, -1.0, 1.0, 0.0, -1.0, 1.0, 0.0, 0.0, 0.0), (1.0, -1.0, 1.0, 0.0, -1.0, 1.0, 0.0, 0.0, 1.0), (1.0, -1.0, 1.0, 0.0, -1.0, 1.0, 0.0, 1.0, 0.0), (1.0, -1.0, 1.0, 0.0, -1.0, 1.0, 0.0, 1.0, 1.0), (1.0, -1.0, 1.0, 1.0, -1.0, 1.0, 0.0, 0.0, 0.0), (1.0, -1.0, 1.0, 1.0, -1.0, 1.0, 0.0, 0.0, 1.0), (1.0, -1.0, 1.0, 1.0, -1.0, 1.0, 0.0, 1.0, 1.0)]
$d_I =$ 1.0, $K_{IE} =$ 10000.0: 124, [(-1.0, -1.0, -1.0, -1.0, 1.0, 0.0, 0.0, 0.0, 0.0), (-1.0, -1.0, -1.0, -1.0, 1.0, 0.0, 0.0, 1.0, 0.0), (-1.0, -1.0, -1.0, 0.0, 1.0, 0.0, 0.0, 0.0, 0.0), (-1.0, -1.0, -1.0, 0.0, 1.0, 0.0, 0.0, 0.0, 1.0), (-1.0, -1.0, -1.0, 0.0, 1.0, 0.0, 0.0, 1.0, 0.0), (-1.0, -1.0, -1.0, 0.0, 1.0, 0.0, 0.0, 1.0, 1.0), (-1.0, -1.0, -1.0, 1.0, 1.0, 0.0, 0.0, 0.0, 0.0), (-1.0, -1.0, -1.0, 1.0, 1.0, 0.0, 0.0, 1.0, 0.0), (-1.0, -1.0, 0.0, -1.0, 1.0, 0.0, 0.0, 0.0, 1.0), (0.0, -1.0, -1.0, -1.0, -1.0, -1.0, 0.0, 0.0, 1.0), (0.0, -1.0, -1.0, -1.0, -1.0, -1.0, 0.0, 1.0, 1.0), (0.0, -1.0, -1.0, -1.0, 1.0, -1.0, 1.0, 0.0, 0.0), (0.0, -1.0, -1.0, -1.0, 1.0, -1.0, 1.0, 1.0, 0.0), (0.0, -1.0, -1.0, -1.0, 1.0, 0.0, 0.0, 0.0, 0.0), (0.0, -1.0, -1.0, -1.0, 1.0, 0.0, 0.0, 1.0, 0.0), (0.0, -1.0, -1.0, -1.0, 1.0, 0.0, 1.0, 0.0, 0.0), (0.0, -1.0, -1.0, -1.0, 1.0, 0.0, 1.0, 1.0, 0.0), (0.0, -1.0, -1.0, -1.0, 1.0, 1.0, 0.0, 0.0, 0.0), (0.0, -1.0, -1.0, -1.0, 1.0, 1.0, 0.0, 1.0, 0.0), (0.0, -1.0, -1.0, 0.0, -1.0, -1.0, 0.0, 1.0, 0.0), (0.0, -1.0, -1.0, 0.0, 1.0, 0.0, 0.0, 1.0, 0.0), (0.0, -1.0, -1.0, 0.0, 1.0, 1.0, 0.0, 0.0, 0.0), (0.0, -1.0, -1.0, 0.0, 1.0, 1.0, 0.0, 0.0, 1.0), (0.0, -1.0, -1.0, 0.0, 1.0, 1.0, 0.0, 1.0, 0.0), (0.0, -1.0, -1.0, 0.0, 1.0, 1.0, 0.0, 1.0, 1.0), (0.0, -1.0, -1.0, 1.0, -1.0, -1.0, 0.0, 0.0, 0.0), (0.0, -1.0, -1.0, 1.0, 1.0, 0.0, 0.0, 0.0, 0.0), (0.0, -1.0, -1.0, 1.0, 1.0, 0.0, 1.0, 0.0, 0.0), (0.0, -1.0, -1.0, 1.0, 1.0, 1.0, 0.0, 0.0, 0.0), (0.0, -1.0, -1.0, 1.0, 1.0, 1.0, 0.0, 1.0, 0.0), (1.0, -1.0, -1.0, -1.0, 0.0, -1.0, 0.0, 0.0, 0.0), (1.0, -1.0, -1.0, -1.0, 0.0, -1.0, 0.0, 0.0, 1.0), (1.0, -1.0, -1.0, -1.0, 0.0, -1.0, 0.0, 1.0, 0.0), (1.0, -1.0, -1.0, -1.0, 0.0, -1.0, 0.0, 1.0, 1.0), (1.0, -1.0, -1.0, -1.0, 1.0, 0.0, 0.0, 0.0, 0.0), (1.0, -1.0, -1.0, -1.0, 1.0, 0.0, 0.0, 0.0, 1.0), (1.0, -1.0, -1.0, -1.0, 1.0, 0.0, 0.0, 1.0, 0.0), (1.0, -1.0, -1.0, -1.0, 1.0, 0.0, 0.0, 1.0, 1.0), (1.0, -1.0, -1.0, -1.0, 1.0, 1.0, 0.0, 1.0, 1.0), (1.0, -1.0, -1.0, 0.0, 0.0, -1.0, 0.0, 0.0, 0.0), (1.0, -1.0, -1.0, 0.0, 0.0, -1.0, 0.0, 1.0, 0.0), (1.0, -1.0, -1.0, 0.0, 0.0, -1.0, 0.0, 1.0, 1.0), (1.0, -1.0, -1.0, 0.0, 1.0, 0.0, 0.0, 0.0, 0.0), (1.0, -1.0, -1.0, 0.0, 1.0, 0.0, 0.0, 0.0, 1.0), (1.0, -1.0, -1.0, 0.0, 1.0, 0.0, 0.0, 1.0, 0.0), (1.0, -1.0, -1.0, 0.0, 1.0, 0.0, 0.0, 1.0, 1.0), (1.0, -1.0, -1.0, 1.0, 0.0, -1.0, 0.0, 0.0, 0.0), (1.0, -1.0, -1.0, 1.0, 0.0, -1.0, 0.0, 0.0, 1.0), (1.0, -1.0, -1.0, 1.0, 0.0, -1.0, 0.0, 1.0, 1.0), (1.0, -1.0, -1.0, 1.0, 1.0, 0.0, 0.0, 0.0, 0.0), (1.0, -1.0, -1.0, 1.0, 1.0, 0.0, 0.0, 0.0, 1.0), (1.0, -1.0, -1.0, 1.0, 1.0, 0.0, 0.0, 1.0, 0.0), (1.0, -1.0, -1.0, 1.0, 1.0, 0.0, 0.0, 1.0, 1.0), (1.0, -1.0, -1.0, 1.0, 1.0, 1.0, 0.0, 0.0, 1.0), (1.0, -1.0, -1.0, 1.0, 1.0, 1.0, 0.0, 1.0, 1.0), (1.0, -1.0, 0.0, -1.0, 0.0, -1.0, 0.0, 0.0, 0.0), (1.0, -1.0, 0.0, -1.0, 0.0, -1.0, 0.0, 1.0, 0.0), (1.0, -1.0, 0.0, -1.0, 1.0, 0.0, 0.0, 0.0, 0.0), (1.0, -1.0, 0.0, -1.0, 1.0, 0.0, 0.0, 0.0, 1.0), (1.0, -1.0, 0.0, -1.0, 1.0, 0.0, 0.0, 1.0, 0.0), (1.0, -1.0, 0.0, -1.0, 1.0, 0.0, 0.0, 1.0, 1.0), (1.0, -1.0, 0.0, -1.0, 1.0, 1.0, 0.0, 0.0, 0.0), (1.0, -1.0, 0.0, -1.0, 1.0, 1.0, 0.0, 0.0, 1.0), (1.0, -1.0, 0.0, -1.0, 1.0, 1.0, 0.0, 1.0, 1.0), (1.0, -1.0, 0.0, 0.0, 0.0, -1.0, 0.0, 0.0, 0.0), (1.0, -1.0, 0.0, 0.0, 0.0, -1.0, 0.0, 0.0, 1.0), (1.0, -1.0, 0.0, 0.0, 0.0, -1.0, 0.0, 1.0, 0.0), (1.0, -1.0, 0.0, 0.0, 0.0, -1.0, 0.0, 1.0, 1.0), (1.0, -1.0, 0.0, 0.0, 1.0, -1.0, 0.0, 1.0, 1.0), (1.0, -1.0, 0.0, 0.0, 1.0, 0.0, 0.0, 0.0, 0.0), (1.0, -1.0, 0.0, 0.0, 1.0, 0.0, 0.0, 0.0, 1.0), (1.0, -1.0, 0.0, 0.0, 1.0, 0.0, 0.0, 1.0, 0.0), (1.0, -1.0, 0.0, 0.0, 1.0, 0.0, 0.0, 1.0, 1.0), (1.0, -1.0, 0.0, 0.0, 1.0, 1.0, 0.0, 0.0, 0.0), (1.0, -1.0, 0.0, 0.0, 1.0, 1.0, 0.0, 0.0, 1.0), (1.0, -1.0, 0.0, 0.0, 1.0, 1.0, 0.0, 1.0, 0.0), (1.0, -1.0, 0.0, 0.0, 1.0, 1.0, 0.0, 1.0, 1.0), (1.0, -1.0, 0.0, 1.0, 0.0, -1.0, 0.0, 0.0, 0.0), (1.0, -1.0, 0.0, 1.0, 0.0, -1.0, 0.0, 0.0, 1.0), (1.0, -1.0, 0.0, 1.0, 0.0, -1.0, 0.0, 1.0, 0.0), (1.0, -1.0, 0.0, 1.0, 0.0, -1.0, 0.0, 1.0, 1.0), (1.0, -1.0, 0.0, 1.0, 1.0, 0.0, 0.0, 0.0, 0.0), (1.0, -1.0, 0.0, 1.0, 1.0, 0.0, 0.0, 0.0, 1.0), (1.0, -1.0, 0.0, 1.0, 1.0, 0.0, 0.0, 1.0, 0.0), (1.0, -1.0, 0.0, 1.0, 1.0, 0.0, 0.0, 1.0, 1.0), (1.0, -1.0, 0.0, 1.0, 1.0, 1.0, 0.0, 0.0, 0.0), (1.0, -1.0, 0.0, 1.0, 1.0, 1.0, 0.0, 0.0, 1.0), (1.0, -1.0, 0.0, 1.0, 1.0, 1.0, 0.0, 1.0, 0.0), (1.0, -1.0, 0.0, 1.0, 1.0, 1.0, 0.0, 1.0, 1.0), (1.0, -1.0, 1.0, -1.0, 0.0, -1.0, 0.0, 0.0, 1.0), (1.0, -1.0, 1.0, -1.0, 0.0, -1.0, 0.0, 1.0, 0.0), (1.0, -1.0, 1.0, -1.0, 0.0, -1.0, 0.0, 1.0, 1.0), (1.0, -1.0, 1.0, -1.0, 1.0, 0.0, 0.0, 0.0, 0.0), (1.0, -1.0, 1.0, -1.0, 1.0, 0.0, 0.0, 0.0, 1.0), (1.0, -1.0, 1.0, -1.0, 1.0, 0.0, 0.0, 1.0, 0.0), (1.0, -1.0, 1.0, -1.0, 1.0, 0.0, 0.0, 1.0, 1.0), (1.0, -1.0, 1.0, -1.0, 1.0, 1.0, 0.0, 0.0, 0.0), (1.0, -1.0, 1.0, -1.0, 1.0, 1.0, 0.0, 0.0, 1.0), (1.0, -1.0, 1.0, -1.0, 1.0, 1.0, 0.0, 1.0, 0.0), (1.0, -1.0, 1.0, -1.0, 1.0, 1.0, 0.0, 1.0, 1.0), (1.0, -1.0, 1.0, 0.0, 0.0, -1.0, 0.0, 0.0, 0.0), (1.0, -1.0, 1.0, 0.0, 0.0, -1.0, 0.0, 0.0, 1.0), (1.0, -1.0, 1.0, 0.0, 0.0, -1.0, 0.0, 1.0, 0.0), (1.0, -1.0, 1.0, 0.0, 0.0, -1.0, 0.0, 1.0, 1.0), (1.0, -1.0, 1.0, 0.0, 1.0, 0.0, 0.0, 0.0, 0.0), (1.0, -1.0, 1.0, 0.0, 1.0, 0.0, 0.0, 0.0, 1.0), (1.0, -1.0, 1.0, 0.0, 1.0, 0.0, 0.0, 1.0, 0.0), (1.0, -1.0, 1.0, 0.0, 1.0, 0.0, 0.0, 1.0, 1.0), (1.0, -1.0, 1.0, 0.0, 1.0, 1.0, 0.0, 0.0, 0.0), (1.0, -1.0, 1.0, 0.0, 1.0, 1.0, 0.0, 0.0, 1.0), (1.0, -1.0, 1.0, 0.0, 1.0, 1.0, 0.0, 1.0, 0.0), (1.0, -1.0, 1.0, 0.0, 1.0, 1.0, 0.0, 1.0, 1.0), (1.0, -1.0, 1.0, 1.0, 0.0, -1.0, 0.0, 0.0, 0.0), (1.0, -1.0, 1.0, 1.0, 0.0, -1.0, 0.0, 0.0, 1.0), (1.0, -1.0, 1.0, 1.0, 0.0, -1.0, 0.0, 1.0, 0.0), (1.0, -1.0, 1.0, 1.0, 0.0, -1.0, 0.0, 1.0, 1.0), (1.0, -1.0, 1.0, 1.0, 1.0, 0.0, 0.0, 0.0, 0.0), (1.0, -1.0, 1.0, 1.0, 1.0, 0.0, 0.0, 0.0, 1.0), (1.0, -1.0, 1.0, 1.0, 1.0, 0.0, 0.0, 1.0, 0.0), (1.0, -1.0, 1.0, 1.0, 1.0, 0.0, 0.0, 1.0, 1.0), (1.0, -1.0, 1.0, 1.0, 1.0, 1.0, 0.0, 0.0, 0.0), (1.0, -1.0, 1.0, 1.0, 1.0, 1.0, 0.0, 0.0, 1.0), (1.0, -1.0, 1.0, 1.0, 1.0, 1.0, 0.0, 1.0, 0.0), (1.0, -1.0, 1.0, 1.0, 1.0, 1.0, 0.0, 1.0, 1.0)]
$d_I =$ 1.0, $K_{IE} =$ 100000.0: 81, [(-1.0, -1.0, -1.0, -1.0, -1.0, 0.0, 0.0, 0.0, 0.0), (-1.0, -1.0, -1.0, -1.0, -1.0, 0.0, 0.0, 1.0, 1.0), (-1.0, -1.0, -1.0, -1.0, 0.0, -1.0, 0.0, 0.0, 0.0), (-1.0, -1.0, -1.0, -1.0, 0.0, -1.0, 0.0, 0.0, 1.0), (-1.0, -1.0, -1.0, -1.0, 0.0, -1.0, 0.0, 1.0, 0.0), (-1.0, -1.0, -1.0, -1.0, 0.0, -1.0, 0.0, 1.0, 1.0), (-1.0, -1.0, -1.0, 0.0, -1.0, 0.0, 0.0, 0.0, 0.0), (-1.0, -1.0, -1.0, 0.0, -1.0, 0.0, 0.0, 1.0, 0.0), (-1.0, -1.0, -1.0, 0.0, 0.0, -1.0, 0.0, 0.0, 0.0), (-1.0, -1.0, -1.0, 0.0, 0.0, -1.0, 0.0, 0.0, 1.0), (-1.0, -1.0, -1.0, 0.0, 0.0, -1.0, 0.0, 1.0, 0.0), (-1.0, -1.0, -1.0, 0.0, 0.0, -1.0, 0.0, 1.0, 1.0), (-1.0, -1.0, -1.0, 1.0, -1.0, 0.0, 0.0, 1.0, 0.0), (-1.0, -1.0, -1.0, 1.0, -1.0, 0.0, 0.0, 1.0, 1.0), (-1.0, -1.0, -1.0, 1.0, 0.0, -1.0, 0.0, 0.0, 0.0), (-1.0, -1.0, -1.0, 1.0, 0.0, -1.0, 0.0, 1.0, 0.0), (-1.0, -1.0, -1.0, 1.0, 0.0, -1.0, 0.0, 1.0, 1.0), (-1.0, -1.0, -1.0, 1.0, 0.0, 0.0, 0.0, 0.0, 0.0), (-1.0, -1.0, 0.0, -1.0, -1.0, 0.0, 0.0, 0.0, 1.0), (-1.0, -1.0, 0.0, -1.0, -1.0, 0.0, 0.0, 1.0, 0.0), (-1.0, -1.0, 0.0, -1.0, -1.0, 0.0, 0.0, 1.0, 1.0), (-1.0, -1.0, 0.0, -1.0, 0.0, -1.0, 0.0, 0.0, 0.0), (-1.0, -1.0, 0.0, -1.0, 0.0, -1.0, 0.0, 0.0, 1.0), (-1.0, -1.0, 0.0, -1.0, 0.0, -1.0, 0.0, 1.0, 0.0), (-1.0, -1.0, 0.0, -1.0, 0.0, -1.0, 0.0, 1.0, 1.0), (-1.0, -1.0, 0.0, -1.0, 0.0, 0.0, 0.0, 0.0, 0.0), (-1.0, -1.0, 0.0, -1.0, 0.0, 0.0, 0.0, 1.0, 0.0), (-1.0, -1.0, 0.0, -1.0, 0.0, 0.0, 0.0, 1.0, 1.0), (-1.0, -1.0, 0.0, 0.0, -1.0, 0.0, 0.0, 0.0, 0.0), (-1.0, -1.0, 0.0, 0.0, -1.0, 0.0, 0.0, 0.0, 1.0), (-1.0, -1.0, 0.0, 0.0, -1.0, 0.0, 0.0, 1.0, 1.0), (-1.0, -1.0, 0.0, 0.0, 0.0, -1.0, 0.0, 0.0, 0.0), (-1.0, -1.0, 0.0, 0.0, 0.0, -1.0, 0.0, 0.0, 1.0), (-1.0, -1.0, 0.0, 0.0, 0.0, -1.0, 0.0, 1.0, 0.0), (-1.0, -1.0, 0.0, 0.0, 0.0, -1.0, 0.0, 1.0, 1.0), (-1.0, -1.0, 0.0, 0.0, 0.0, 0.0, 0.0, 0.0, 0.0), (-1.0, -1.0, 0.0, 0.0, 1.0, 1.0, 0.0, 0.0, 0.0), (-1.0, -1.0, 0.0, 1.0, -1.0, 0.0, 0.0, 0.0, 1.0), (-1.0, -1.0, 0.0, 1.0, -1.0, 0.0, 0.0, 1.0, 0.0), (-1.0, -1.0, 0.0, 1.0, 0.0, -1.0, 0.0, 0.0, 0.0), (-1.0, -1.0, 0.0, 1.0, 0.0, -1.0, 0.0, 0.0, 1.0), (-1.0, -1.0, 0.0, 1.0, 0.0, -1.0, 0.0, 1.0, 0.0), (-1.0, -1.0, 0.0, 1.0, 0.0, -1.0, 0.0, 1.0, 1.0), (-1.0, -1.0, 1.0, -1.0, -1.0, 0.0, 0.0, 1.0, 0.0), (-1.0, -1.0, 1.0, -1.0, 0.0, -1.0, 0.0, 0.0, 0.0), (-1.0, -1.0, 1.0, -1.0, 0.0, -1.0, 0.0, 0.0, 1.0), (-1.0, -1.0, 1.0, -1.0, 0.0, -1.0, 0.0, 1.0, 0.0), (-1.0, -1.0, 1.0, -1.0, 0.0, -1.0, 0.0, 1.0, 1.0), (-1.0, -1.0, 1.0, 0.0, -1.0, 0.0, 0.0, 0.0, 1.0), (-1.0, -1.0, 1.0, 0.0, -1.0, 0.0, 0.0, 1.0, 0.0), (-1.0, -1.0, 1.0, 0.0, -1.0, 0.0, 0.0, 1.0, 1.0), (-1.0, -1.0, 1.0, 0.0, 0.0, -1.0, 0.0, 0.0, 0.0), (-1.0, -1.0, 1.0, 0.0, 0.0, -1.0, 0.0, 0.0, 1.0), (-1.0, -1.0, 1.0, 0.0, 0.0, -1.0, 0.0, 1.0, 0.0), (-1.0, -1.0, 1.0, 0.0, 0.0, -1.0, 0.0, 1.0, 1.0), (-1.0, -1.0, 1.0, 1.0, -1.0, 0.0, 0.0, 0.0, 0.0), (-1.0, -1.0, 1.0, 1.0, -1.0, 0.0, 0.0, 0.0, 1.0), (-1.0, -1.0, 1.0, 1.0, -1.0, 0.0, 0.0, 1.0, 0.0), (-1.0, -1.0, 1.0, 1.0, -1.0, 0.0, 0.0, 1.0, 1.0), (-1.0, -1.0, 1.0, 1.0, 0.0, -1.0, 0.0, 0.0, 0.0), (-1.0, -1.0, 1.0, 1.0, 0.0, -1.0, 0.0, 0.0, 1.0), (-1.0, -1.0, 1.0, 1.0, 0.0, -1.0, 0.0, 1.0, 0.0), (-1.0, -1.0, 1.0, 1.0, 0.0, -1.0, 0.0, 1.0, 1.0), (-1.0, -1.0, 1.0, 1.0, 1.0, 1.0, 0.0, 0.0, 0.0), (-1.0, -1.0, 1.0, 1.0, 1.0, 1.0, 0.0, 0.0, 1.0), (0.0, -1.0, -1.0, 1.0, -1.0, -1.0, 0.0, 0.0, 1.0), (0.0, -1.0, -1.0, 1.0, -1.0, -1.0, 0.0, 1.0, 0.0), (0.0, -1.0, 0.0, 0.0, -1.0, -1.0, 0.0, 0.0, 0.0), (0.0, -1.0, 0.0, 0.0, -1.0, -1.0, 0.0, 1.0, 0.0), (0.0, -1.0, 0.0, 0.0, 1.0, -1.0, 0.0, 1.0, 1.0), (0.0, -1.0, 0.0, 1.0, -1.0, -1.0, 0.0, 0.0, 0.0), (0.0, -1.0, 0.0, 1.0, -1.0, -1.0, 0.0, 0.0, 1.0), (0.0, -1.0, 0.0, 1.0, -1.0, -1.0, 0.0, 1.0, 1.0), (0.0, -1.0, 0.0, 1.0, 1.0, -1.0, 0.0, 0.0, 1.0), (0.0, -1.0, 0.0, 1.0, 1.0, -1.0, 0.0, 1.0, 0.0), (0.0, -1.0, 1.0, -1.0, -1.0, -1.0, 0.0, 0.0, 0.0), (0.0, -1.0, 1.0, 0.0, -1.0, -1.0, 0.0, 1.0, 0.0), (0.0, -1.0, 1.0, 1.0, -1.0, -1.0, 0.0, 0.0, 0.0), (0.0, -1.0, 1.0, 1.0, -1.0, -1.0, 0.0, 1.0, 0.0), (0.0, -1.0, 1.0, 1.0, -1.0, -1.0, 0.0, 1.0, 1.0), (0.0, -1.0, 1.0, 1.0, 1.0, -1.0, 0.0, 1.0, 0.0)]
$d_I =$ 0.25, $K_{IE} =$ 10000.0 and $d_I =$ 0.25, $K_{IE} =$ 100000.0: 0, []
$d_I =$ 0.25, $K_{IE} =$ 10000.0 and $d_I =$ 1.0, $K_{IE} =$ 10000.0: 0, []
$d_I =$ 0.25, $K_{IE} =$ 10000.0 and $d_I =$ 1.0, $K_{IE} =$ 100000.0: 0, []
$d_I =$ 0.25, $K_{IE} =$ 100000.0 and $d_I =$ 1.0, $K_{IE} =$ 10000.0: 27, [(-1.0, -1.0, -1.0, -1.0, 1.0, 1.0, 0.0, 0.0, 0.0), (-1.0, -1.0, -1.0, -1.0, 1.0, 1.0, 0.0, 1.0, 1.0), (-1.0, -1.0, -1.0, 0.0, 1.0, 1.0, 0.0, 0.0, 0.0), (0.0, -1.0, -1.0, -1.0, 1.0, -1.0, 0.0, 0.0, 0.0), (0.0, -1.0, -1.0, -1.0, 1.0, -1.0, 0.0, 0.0, 1.0), (0.0, -1.0, -1.0, -1.0, 1.0, -1.0, 0.0, 1.0, 1.0), (0.0, -1.0, -1.0, 0.0, 1.0, -1.0, 0.0, 0.0, 0.0), (0.0, -1.0, -1.0, 0.0, 1.0, -1.0, 0.0, 0.0, 1.0), (0.0, -1.0, -1.0, 0.0, 1.0, -1.0, 0.0, 1.0, 0.0), (0.0, -1.0, -1.0, 0.0, 1.0, -1.0, 0.0, 1.0, 1.0), (0.0, -1.0, -1.0, 1.0, 1.0, -1.0, 0.0, 0.0, 0.0), (0.0, -1.0, -1.0, 1.0, 1.0, -1.0, 0.0, 1.0, 0.0), (0.0, -1.0, 0.0, -1.0, 1.0, -1.0, 0.0, 0.0, 0.0), (0.0, -1.0, 0.0, -1.0, 1.0, -1.0, 0.0, 0.0, 1.0), (0.0, -1.0, 0.0, -1.0, 1.0, -1.0, 0.0, 1.0, 0.0), (0.0, -1.0, 0.0, -1.0, 1.0, -1.0, 0.0, 1.0, 1.0), (1.0, -1.0, -1.0, -1.0, 1.0, 1.0, 0.0, 0.0, 0.0), (1.0, -1.0, -1.0, -1.0, 1.0, 1.0, 0.0, 0.0, 1.0), (1.0, -1.0, -1.0, -1.0, 1.0, 1.0, 0.0, 1.0, 0.0), (1.0, -1.0, -1.0, 0.0, 1.0, 1.0, 0.0, 0.0, 0.0), (1.0, -1.0, -1.0, 0.0, 1.0, 1.0, 0.0, 0.0, 1.0), (1.0, -1.0, -1.0, 0.0, 1.0, 1.0, 0.0, 1.0, 0.0), (1.0, -1.0, -1.0, 0.0, 1.0, 1.0, 0.0, 1.0, 1.0), (1.0, -1.0, -1.0, 1.0, 1.0, 1.0, 0.0, 0.0, 0.0), (1.0, -1.0, -1.0, 1.0, 1.0, 1.0, 0.0, 1.0, 0.0), (1.0, -1.0, 0.0, -1.0, 1.0, 1.0, 0.0, 1.0, 0.0), (1.0, -1.0, 1.0, -1.0, 1.0, -1.0, 0.0, 1.0, 1.0)]
$d_I =$ 0.25, $K_{IE} =$ 100000.0 and $d_I =$ 1.0, $K_{IE} =$ 100000.0: 68, [(-1.0, -1.0, -1.0, -1.0, -1.0, 1.0, 0.0, 0.0, 0.0), (-1.0, -1.0, -1.0, -1.0, -1.0, 1.0, 0.0, 0.0, 1.0), (-1.0, -1.0, -1.0, -1.0, -1.0, 1.0, 0.0, 1.0, 0.0), (-1.0, -1.0, -1.0, -1.0, -1.0, 1.0, 0.0, 1.0, 1.0), (-1.0, -1.0, -1.0, 0.0, -1.0, 1.0, 0.0, 0.0, 0.0), (-1.0, -1.0, -1.0, 0.0, -1.0, 1.0, 0.0, 0.0, 1.0), (-1.0, -1.0, -1.0, 0.0, -1.0, 1.0, 0.0, 1.0, 0.0), (-1.0, -1.0, -1.0, 0.0, -1.0, 1.0, 0.0, 1.0, 1.0), (-1.0, -1.0, -1.0, 1.0, -1.0, -1.0, 0.0, 0.0, 1.0), (-1.0, -1.0, -1.0, 1.0, -1.0, -1.0, 0.0, 1.0, 1.0), (-1.0, -1.0, -1.0, 1.0, -1.0, 1.0, 0.0, 0.0, 1.0), (-1.0, -1.0, -1.0, 1.0, -1.0, 1.0, 0.0, 1.0, 0.0), (-1.0, -1.0, -1.0, 1.0, -1.0, 1.0, 0.0, 1.0, 1.0), (-1.0, -1.0, -1.0, 1.0, 1.0, 1.0, 0.0, 0.0, 1.0), (-1.0, -1.0, 0.0, -1.0, -1.0, -1.0, 0.0, 0.0, 0.0), (-1.0, -1.0, 0.0, -1.0, -1.0, 1.0, 0.0, 0.0, 0.0), (-1.0, -1.0, 0.0, -1.0, -1.0, 1.0, 0.0, 1.0, 0.0), (-1.0, -1.0, 0.0, -1.0, -1.0, 1.0, 0.0, 1.0, 1.0), (-1.0, -1.0, 0.0, -1.0, 1.0, 1.0, 0.0, 1.0, 1.0), (-1.0, -1.0, 0.0, 0.0, -1.0, -1.0, 0.0, 0.0, 0.0), (-1.0, -1.0, 0.0, 0.0, -1.0, -1.0, 0.0, 0.0, 1.0), (-1.0, -1.0, 0.0, 0.0, -1.0, -1.0, 0.0, 1.0, 0.0), (-1.0, -1.0, 0.0, 0.0, -1.0, -1.0, 0.0, 1.0, 1.0), (-1.0, -1.0, 0.0, 0.0, -1.0, 1.0, 0.0, 0.0, 0.0), (-1.0, -1.0, 0.0, 0.0, -1.0, 1.0, 0.0, 0.0, 1.0), (-1.0, -1.0, 0.0, 0.0, -1.0, 1.0, 0.0, 1.0, 0.0), (-1.0, -1.0, 0.0, 0.0, -1.0, 1.0, 0.0, 1.0, 1.0), (-1.0, -1.0, 0.0, 0.0, 1.0, -1.0, 0.0, 0.0, 1.0), (-1.0, -1.0, 0.0, 0.0, 1.0, -1.0, 0.0, 1.0, 1.0), (-1.0, -1.0, 0.0, 1.0, -1.0, -1.0, 0.0, 0.0, 0.0), (-1.0, -1.0, 0.0, 1.0, -1.0, -1.0, 0.0, 0.0, 1.0), (-1.0, -1.0, 0.0, 1.0, -1.0, -1.0, 0.0, 1.0, 0.0), (-1.0, -1.0, 0.0, 1.0, -1.0, -1.0, 0.0, 1.0, 1.0), (-1.0, -1.0, 0.0, 1.0, -1.0, 1.0, 0.0, 0.0, 0.0), (-1.0, -1.0, 0.0, 1.0, -1.0, 1.0, 0.0, 0.0, 1.0), (-1.0, -1.0, 0.0, 1.0, -1.0, 1.0, 0.0, 1.0, 0.0), (-1.0, -1.0, 0.0, 1.0, -1.0, 1.0, 0.0, 1.0, 1.0), (-1.0, -1.0, 0.0, 1.0, 1.0, -1.0, 0.0, 0.0, 1.0), (-1.0, -1.0, 0.0, 1.0, 1.0, 1.0, 0.0, 1.0, 1.0), (-1.0, -1.0, 1.0, -1.0, -1.0, -1.0, 0.0, 0.0, 0.0), (-1.0, -1.0, 1.0, -1.0, -1.0, -1.0, 0.0, 0.0, 1.0), (-1.0, -1.0, 1.0, -1.0, -1.0, -1.0, 0.0, 1.0, 1.0), (-1.0, -1.0, 1.0, -1.0, -1.0, 1.0, 0.0, 0.0, 0.0), (-1.0, -1.0, 1.0, -1.0, -1.0, 1.0, 0.0, 0.0, 1.0), (-1.0, -1.0, 1.0, -1.0, -1.0, 1.0, 0.0, 1.0, 0.0), (-1.0, -1.0, 1.0, -1.0, -1.0, 1.0, 0.0, 1.0, 1.0), (-1.0, -1.0, 1.0, 0.0, -1.0, -1.0, 0.0, 0.0, 0.0), (-1.0, -1.0, 1.0, 0.0, -1.0, -1.0, 0.0, 0.0, 1.0), (-1.0, -1.0, 1.0, 0.0, -1.0, -1.0, 0.0, 1.0, 0.0), (-1.0, -1.0, 1.0, 0.0, -1.0, -1.0, 0.0, 1.0, 1.0), (-1.0, -1.0, 1.0, 0.0, -1.0, 1.0, 0.0, 0.0, 0.0), (-1.0, -1.0, 1.0, 0.0, -1.0, 1.0, 0.0, 0.0, 1.0), (-1.0, -1.0, 1.0, 0.0, -1.0, 1.0, 0.0, 1.0, 0.0), (-1.0, -1.0, 1.0, 0.0, -1.0, 1.0, 0.0, 1.0, 1.0), (-1.0, -1.0, 1.0, 0.0, 1.0, -1.0, 0.0, 0.0, 1.0), (-1.0, -1.0, 1.0, 0.0, 1.0, -1.0, 0.0, 1.0, 1.0), (-1.0, -1.0, 1.0, 0.0, 1.0, 1.0, 0.0, 0.0, 1.0), (-1.0, -1.0, 1.0, 1.0, -1.0, -1.0, 0.0, 0.0, 0.0), (-1.0, -1.0, 1.0, 1.0, -1.0, -1.0, 0.0, 0.0, 1.0), (-1.0, -1.0, 1.0, 1.0, -1.0, -1.0, 0.0, 1.0, 0.0), (-1.0, -1.0, 1.0, 1.0, -1.0, -1.0, 0.0, 1.0, 1.0), (-1.0, -1.0, 1.0, 1.0, -1.0, 1.0, 0.0, 0.0, 0.0), (-1.0, -1.0, 1.0, 1.0, -1.0, 1.0, 0.0, 0.0, 1.0), (-1.0, -1.0, 1.0, 1.0, -1.0, 1.0, 0.0, 1.0, 0.0), (-1.0, -1.0, 1.0, 1.0, -1.0, 1.0, 0.0, 1.0, 1.0), (-1.0, -1.0, 1.0, 1.0, 1.0, -1.0, 0.0, 0.0, 0.0), (-1.0, -1.0, 1.0, 1.0, 1.0, 1.0, 0.0, 1.0, 0.0), (0.0, -1.0, 1.0, 1.0, -1.0, -1.0, 0.0, 0.0, 1.0)]
$d_I =$ 1.0, $K_{IE} =$ 10000.0 and $d_I =$ 1.0, $K_{IE} =$ 100000.0: 14, [(1.0, -1.0, -1.0, 0.0, -1.0, -1.0, 0.0, 0.0, 1.0), (1.0, -1.0, -1.0, 0.0, -1.0, -1.0, 0.0, 1.0, 0.0), (1.0, -1.0, -1.0, 0.0, 0.0, -1.0, 0.0, 0.0, 1.0), (1.0, -1.0, 0.0, -1.0, -1.0, -1.0, 0.0, 1.0, 0.0), (1.0, -1.0, 0.0, -1.0, -1.0, -1.0, 0.0, 1.0, 1.0), (1.0, -1.0, 0.0, 1.0, 1.0, -1.0, 0.0, 0.0, 1.0), (1.0, -1.0, 1.0, -1.0, -1.0, -1.0, 0.0, 0.0, 0.0), (1.0, -1.0, 1.0, -1.0, 1.0, -1.0, 0.0, 0.0, 1.0), (1.0, -1.0, 1.0, 0.0, 1.0, -1.0, 0.0, 0.0, 0.0), (1.0, -1.0, 1.0, 0.0, 1.0, -1.0, 0.0, 0.0, 1.0), (1.0, -1.0, 1.0, 1.0, 1.0, -1.0, 0.0, 0.0, 0.0), (1.0, -1.0, 1.0, 1.0, 1.0, -1.0, 0.0, 0.0, 1.0), (1.0, -1.0, 1.0, 1.0, 1.0, -1.0, 0.0, 1.0, 0.0), (1.0, -1.0, 1.0, 1.0, 1.0, -1.0, 0.0, 1.0, 1.0)]
$d_I =$ 0.25, $K_{IE} =$ 10000.0 and $d_I =$ 0.25, $K_{IE} =$ 100000.0 and $d_I =$ 1.0, $K_{IE} =$ 10000.0: 0, []
$d_I =$ 0.25, $K_{IE} =$ 10000.0 and $d_I =$ 0.25, $K_{IE} =$ 100000.0 and $d_I =$ 1.0, $K_{IE} =$ 100000.0: 0, []
$d_I =$ 0.25, $K_{IE} =$ 10000.0 and $d_I =$ 1.0, $K_{IE} =$ 10000.0 and $d_I =$ 1.0, $K_{IE} =$ 100000.0: 0, []
$d_I =$ 0.25, $K_{IE} =$ 100000.0 and $d_I =$ 1.0, $K_{IE} =$ 10000.0 and $d_I =$ 1.0, $K_{IE} =$ 100000.0: 114, [(-1.0, -1.0, -1.0, -1.0, -1.0, -1.0, 0.0, 0.0, 0.0), (-1.0, -1.0, -1.0, -1.0, -1.0, -1.0, 0.0, 0.0, 1.0), (-1.0, -1.0, -1.0, -1.0, -1.0, -1.0, 0.0, 1.0, 0.0), (-1.0, -1.0, -1.0, -1.0, -1.0, -1.0, 0.0, 1.0, 1.0), (-1.0, -1.0, -1.0, -1.0, 1.0, -1.0, 0.0, 0.0, 0.0), (-1.0, -1.0, -1.0, -1.0, 1.0, -1.0, 0.0, 0.0, 1.0), (-1.0, -1.0, -1.0, -1.0, 1.0, -1.0, 0.0, 1.0, 0.0), (-1.0, -1.0, -1.0, -1.0, 1.0, -1.0, 0.0, 1.0, 1.0), (-1.0, -1.0, -1.0, -1.0, 1.0, 1.0, 0.0, 0.0, 1.0), (-1.0, -1.0, -1.0, -1.0, 1.0, 1.0, 0.0, 1.0, 0.0), (-1.0, -1.0, -1.0, 0.0, -1.0, -1.0, 0.0, 0.0, 0.0), (-1.0, -1.0, -1.0, 0.0, -1.0, -1.0, 0.0, 0.0, 1.0), (-1.0, -1.0, -1.0, 0.0, -1.0, -1.0, 0.0, 1.0, 0.0), (-1.0, -1.0, -1.0, 0.0, -1.0, -1.0, 0.0, 1.0, 1.0), (-1.0, -1.0, -1.0, 0.0, 1.0, -1.0, 0.0, 0.0, 0.0), (-1.0, -1.0, -1.0, 0.0, 1.0, -1.0, 0.0, 0.0, 1.0), (-1.0, -1.0, -1.0, 0.0, 1.0, -1.0, 0.0, 1.0, 0.0), (-1.0, -1.0, -1.0, 0.0, 1.0, -1.0, 0.0, 1.0, 1.0), (-1.0, -1.0, -1.0, 0.0, 1.0, 1.0, 0.0, 0.0, 1.0), (-1.0, -1.0, -1.0, 0.0, 1.0, 1.0, 0.0, 1.0, 0.0), (-1.0, -1.0, -1.0, 0.0, 1.0, 1.0, 0.0, 1.0, 1.0), (-1.0, -1.0, -1.0, 1.0, -1.0, -1.0, 0.0, 0.0, 0.0), (-1.0, -1.0, -1.0, 1.0, -1.0, -1.0, 0.0, 1.0, 0.0), (-1.0, -1.0, -1.0, 1.0, 1.0, -1.0, 0.0, 0.0, 0.0), (-1.0, -1.0, -1.0, 1.0, 1.0, -1.0, 0.0, 0.0, 1.0), (-1.0, -1.0, -1.0, 1.0, 1.0, -1.0, 0.0, 1.0, 0.0), (-1.0, -1.0, -1.0, 1.0, 1.0, -1.0, 0.0, 1.0, 1.0), (-1.0, -1.0, -1.0, 1.0, 1.0, 1.0, 0.0, 0.0, 0.0), (-1.0, -1.0, -1.0, 1.0, 1.0, 1.0, 0.0, 1.0, 0.0), (-1.0, -1.0, 0.0, -1.0, -1.0, -1.0, 0.0, 0.0, 1.0), (-1.0, -1.0, 0.0, -1.0, -1.0, -1.0, 0.0, 1.0, 0.0), (-1.0, -1.0, 0.0, -1.0, -1.0, -1.0, 0.0, 1.0, 1.0), (-1.0, -1.0, 0.0, -1.0, 1.0, -1.0, 0.0, 0.0, 0.0), (-1.0, -1.0, 0.0, -1.0, 1.0, -1.0, 0.0, 0.0, 1.0), (-1.0, -1.0, 0.0, -1.0, 1.0, -1.0, 0.0, 1.0, 0.0), (-1.0, -1.0, 0.0, -1.0, 1.0, -1.0, 0.0, 1.0, 1.0), (-1.0, -1.0, 0.0, -1.0, 1.0, 1.0, 0.0, 0.0, 0.0), (-1.0, -1.0, 0.0, -1.0, 1.0, 1.0, 0.0, 0.0, 1.0), (-1.0, -1.0, 0.0, -1.0, 1.0, 1.0, 0.0, 1.0, 0.0), (-1.0, -1.0, 0.0, 0.0, 1.0, -1.0, 0.0, 0.0, 0.0), (-1.0, -1.0, 0.0, 0.0, 1.0, -1.0, 0.0, 1.0, 0.0), (-1.0, -1.0, 0.0, 1.0, 1.0, -1.0, 0.0, 0.0, 0.0), (-1.0, -1.0, 0.0, 1.0, 1.0, -1.0, 0.0, 1.0, 0.0), (-1.0, -1.0, 0.0, 1.0, 1.0, -1.0, 0.0, 1.0, 1.0), (-1.0, -1.0, 1.0, -1.0, -1.0, -1.0, 0.0, 1.0, 0.0), (-1.0, -1.0, 1.0, -1.0, 1.0, -1.0, 0.0, 0.0, 0.0), (-1.0, -1.0, 1.0, -1.0, 1.0, -1.0, 0.0, 0.0, 1.0), (-1.0, -1.0, 1.0, -1.0, 1.0, -1.0, 0.0, 1.0, 0.0), (-1.0, -1.0, 1.0, -1.0, 1.0, -1.0, 0.0, 1.0, 1.0), (-1.0, -1.0, 1.0, -1.0, 1.0, 1.0, 0.0, 0.0, 0.0), (-1.0, -1.0, 1.0, 0.0, 1.0, -1.0, 0.0, 0.0, 0.0), (-1.0, -1.0, 1.0, 0.0, 1.0, -1.0, 0.0, 1.0, 0.0), (-1.0, -1.0, 1.0, 1.0, 1.0, -1.0, 0.0, 0.0, 1.0), (-1.0, -1.0, 1.0, 1.0, 1.0, -1.0, 0.0, 1.0, 0.0), (-1.0, -1.0, 1.0, 1.0, 1.0, -1.0, 0.0, 1.0, 1.0), (0.0, -1.0, -1.0, -1.0, 1.0, -1.0, 0.0, 1.0, 0.0), (0.0, -1.0, 1.0, -1.0, 1.0, -1.0, 0.0, 0.0, 0.0), (0.0, -1.0, 1.0, -1.0, 1.0, -1.0, 0.0, 1.0, 0.0), (1.0, -1.0, -1.0, -1.0, -1.0, -1.0, 0.0, 0.0, 0.0), (1.0, -1.0, -1.0, -1.0, -1.0, -1.0, 0.0, 0.0, 1.0), (1.0, -1.0, -1.0, -1.0, -1.0, -1.0, 0.0, 1.0, 0.0), (1.0, -1.0, -1.0, -1.0, -1.0, -1.0, 0.0, 1.0, 1.0), (1.0, -1.0, -1.0, -1.0, 1.0, -1.0, 0.0, 0.0, 0.0), (1.0, -1.0, -1.0, -1.0, 1.0, -1.0, 0.0, 0.0, 1.0), (1.0, -1.0, -1.0, -1.0, 1.0, -1.0, 0.0, 1.0, 0.0), (1.0, -1.0, -1.0, -1.0, 1.0, -1.0, 0.0, 1.0, 1.0), (1.0, -1.0, -1.0, 0.0, -1.0, -1.0, 0.0, 0.0, 0.0), (1.0, -1.0, -1.0, 0.0, -1.0, -1.0, 0.0, 1.0, 1.0), (1.0, -1.0, -1.0, 0.0, 1.0, -1.0, 0.0, 0.0, 0.0), (1.0, -1.0, -1.0, 0.0, 1.0, -1.0, 0.0, 0.0, 1.0), (1.0, -1.0, -1.0, 0.0, 1.0, -1.0, 0.0, 1.0, 0.0), (1.0, -1.0, -1.0, 0.0, 1.0, -1.0, 0.0, 1.0, 1.0), (1.0, -1.0, -1.0, 1.0, -1.0, -1.0, 0.0, 0.0, 0.0), (1.0, -1.0, -1.0, 1.0, -1.0, -1.0, 0.0, 0.0, 1.0), (1.0, -1.0, -1.0, 1.0, -1.0, -1.0, 0.0, 1.0, 0.0), (1.0, -1.0, -1.0, 1.0, -1.0, -1.0, 0.0, 1.0, 1.0), (1.0, -1.0, -1.0, 1.0, 1.0, -1.0, 0.0, 0.0, 0.0), (1.0, -1.0, -1.0, 1.0, 1.0, -1.0, 0.0, 0.0, 1.0), (1.0, -1.0, -1.0, 1.0, 1.0, -1.0, 0.0, 1.0, 0.0), (1.0, -1.0, -1.0, 1.0, 1.0, -1.0, 0.0, 1.0, 1.0), (1.0, -1.0, 0.0, -1.0, -1.0, -1.0, 0.0, 0.0, 0.0), (1.0, -1.0, 0.0, -1.0, -1.0, -1.0, 0.0, 0.0, 1.0), (1.0, -1.0, 0.0, -1.0, 1.0, -1.0, 0.0, 0.0, 0.0), (1.0, -1.0, 0.0, -1.0, 1.0, -1.0, 0.0, 0.0, 1.0), (1.0, -1.0, 0.0, -1.0, 1.0, -1.0, 0.0, 1.0, 0.0), (1.0, -1.0, 0.0, -1.0, 1.0, -1.0, 0.0, 1.0, 1.0), (1.0, -1.0, 0.0, 0.0, -1.0, -1.0, 0.0, 0.0, 0.0), (1.0, -1.0, 0.0, 0.0, -1.0, -1.0, 0.0, 0.0, 1.0), (1.0, -1.0, 0.0, 0.0, -1.0, -1.0, 0.0, 1.0, 0.0), (1.0, -1.0, 0.0, 0.0, -1.0, -1.0, 0.0, 1.0, 1.0), (1.0, -1.0, 0.0, 0.0, 1.0, -1.0, 0.0, 0.0, 0.0), (1.0, -1.0, 0.0, 0.0, 1.0, -1.0, 0.0, 0.0, 1.0), (1.0, -1.0, 0.0, 0.0, 1.0, -1.0, 0.0, 1.0, 0.0), (1.0, -1.0, 0.0, 1.0, -1.0, -1.0, 0.0, 0.0, 0.0), (1.0, -1.0, 0.0, 1.0, -1.0, -1.0, 0.0, 0.0, 1.0), (1.0, -1.0, 0.0, 1.0, -1.0, -1.0, 0.0, 1.0, 0.0), (1.0, -1.0, 0.0, 1.0, -1.0, -1.0, 0.0, 1.0, 1.0), (1.0, -1.0, 0.0, 1.0, 1.0, -1.0, 0.0, 0.0, 0.0), (1.0, -1.0, 0.0, 1.0, 1.0, -1.0, 0.0, 1.0, 0.0), (1.0, -1.0, 0.0, 1.0, 1.0, -1.0, 0.0, 1.0, 1.0), (1.0, -1.0, 1.0, -1.0, -1.0, -1.0, 0.0, 0.0, 1.0), (1.0, -1.0, 1.0, -1.0, -1.0, -1.0, 0.0, 1.0, 0.0), (1.0, -1.0, 1.0, -1.0, -1.0, -1.0, 0.0, 1.0, 1.0), (1.0, -1.0, 1.0, -1.0, 1.0, -1.0, 0.0, 0.0, 0.0), (1.0, -1.0, 1.0, -1.0, 1.0, -1.0, 0.0, 1.0, 0.0), (1.0, -1.0, 1.0, 0.0, -1.0, -1.0, 0.0, 0.0, 1.0), (1.0, -1.0, 1.0, 0.0, -1.0, -1.0, 0.0, 1.0, 0.0), (1.0, -1.0, 1.0, 0.0, -1.0, -1.0, 0.0, 1.0, 1.0), (1.0, -1.0, 1.0, 0.0, 1.0, -1.0, 0.0, 1.0, 0.0), (1.0, -1.0, 1.0, 0.0, 1.0, -1.0, 0.0, 1.0, 1.0), (1.0, -1.0, 1.0, 1.0, -1.0, -1.0, 0.0, 0.0, 0.0), (1.0, -1.0, 1.0, 1.0, -1.0, -1.0, 0.0, 0.0, 1.0), (1.0, -1.0, 1.0, 1.0, -1.0, -1.0, 0.0, 1.0, 0.0), (1.0, -1.0, 1.0, 1.0, -1.0, -1.0, 0.0, 1.0, 1.0)]
$d_I =$ 0.25, $K_{IE} =$ 10000.0 and $d_I =$ 0.25, $K_{IE} =$ 100000.0 and $d_I =$ 1.0, $K_{IE} =$ 10000.0 and $d_I =$ 1.0, $K_{IE} =$ 100000.0: 0, []
